<?xml version="1.0" encoding="UTF-8" standalone="no"?>
<!-- Created with Inkscape (http://www.inkscape.org/) -->

<svg
   xmlns:dc="http://purl.org/dc/elements/1.1/"
   xmlns:cc="http://creativecommons.org/ns#"
   xmlns:rdf="http://www.w3.org/1999/02/22-rdf-syntax-ns#"
   xmlns:svg="http://www.w3.org/2000/svg"
   xmlns="http://www.w3.org/2000/svg"
   xmlns:sodipodi="http://sodipodi.sourceforge.net/DTD/sodipodi-0.dtd"
   xmlns:inkscape="http://www.inkscape.org/namespaces/inkscape"
   width="679.37006"
   height="343.89062"
   id="svg2"
   version="1.1"
   inkscape:version="0.48.1 r9760"
   sodipodi:docname="Rhodeus amarus Fig 136 (Matschie et al. 1909).svg">
  <defs
     id="defs4" />
  <sodipodi:namedview
     id="base"
     pagecolor="#ffffff"
     bordercolor="#666666"
     borderopacity="1.0"
     inkscape:pageopacity="0.0"
     inkscape:pageshadow="2"
     inkscape:zoom="1.3023416"
     inkscape:cx="321.02859"
     inkscape:cy="156.93897"
     inkscape:document-units="px"
     inkscape:current-layer="layer1"
     showgrid="false"
     fit-margin-top="0"
     fit-margin-left="0"
     fit-margin-right="0"
     fit-margin-bottom="0"
     inkscape:window-width="1635"
     inkscape:window-height="955"
     inkscape:window-x="0"
     inkscape:window-y="182"
     inkscape:window-maximized="0" />
  <metadata
     id="metadata7">
    <rdf:RDF>
      <cc:Work
         rdf:about="">
        <dc:format>image/svg+xml</dc:format>
        <dc:type
           rdf:resource="http://purl.org/dc/dcmitype/StillImage" />
        <dc:title></dc:title>
      </cc:Work>
    </rdf:RDF>
  </metadata>
  <g
     inkscape:label="Ebene 1"
     inkscape:groupmode="layer"
     id="layer1"
     transform="translate(-17.850945,-114.09518)">
    <path
       style="fill:#000000"
       d="m 272.42857,456.90081 c -1.63852,-0.92868 -10.86901,-8.69639 -13.74237,-11.56459 -5.02914,-5.02009 -20.75763,-32.43826 -20.75763,-36.18504 0,-0.48913 -0.36403,-1.03933 -0.80897,-1.22267 -0.44493,-0.18333 -1.45882,-2.80833 -2.25309,-5.83333 l -1.44412,-5.5 -9.99691,-1.75337 c -5.4983,-0.96435 -15.39691,-3.13384 -21.99691,-4.82108 -6.6,-1.68725 -14.7,-3.66419 -18,-4.39321 -3.3,-0.72902 -11.175,-3.2129 -17.5,-5.51973 -6.325,-2.30683 -12.625,-4.56555 -14,-5.01938 -6.90738,-2.27981 -22.15893,-8.01968 -24.66022,-9.28078 -1.56188,-0.78748 -4.18978,-1.75601 -5.83978,-2.15231 -1.65,-0.39629 -8.625,-3.45867 -15.5,-6.80529 -11.980761,-5.83201 -18.720834,-8.67067 -25.744142,-10.84245 -3.510641,-1.08558 -16.761281,-8.67571 -21.703299,-12.43192 -3.837151,-2.91645 -15.416807,-9.48048 -16.724586,-9.48048 -1.076051,0 -11.714841,-7.83976 -16.077977,-11.84792 -1.5125,-1.38944 -2.75,-3.48592 -2.75,-4.65884 0,-1.17291 -1.125,-3.11074 -2.5,-4.30629 -4.958537,-4.31139 -2.448899,-15.48906 4.839834,-21.55613 2.288091,-1.90458 5.705775,-4.9012 7.594853,-6.65916 1.889078,-1.75796 5.153825,-4.09235 7.254993,-5.18754 2.101167,-1.09519 4.055045,-2.37108 4.341951,-2.8353 0.576991,-0.93359 16.382858,-5.94882 18.748149,-5.94882 1.613363,0 9.983744,-2.41033 15.897618,-4.57787 2.022569,-0.74131 7.647569,-1.83039 12.5,-2.42017 13.789336,-1.67601 18.587526,-3.58522 35.322606,-14.05494 22.21766,-13.89971 59.15974,-26.06089 88,-28.96922 8.57231,-0.86446 67.74633,-0.73817 72.4278,0.15457 1.55505,0.29655 2.92788,-1.56592 7.10008,-9.63237 5.76145,-11.13908 10.33957,-19.48592 11.51821,-21 0.42814,-0.55 2.77913,-4.825 5.2244,-9.5 4.60219,-8.79868 12.19039,-21.02835 13.62866,-21.96489 0.45198,-0.29431 1.62236,-2.11011 2.60085,-4.03511 0.97849,-1.925 2.07753,-3.725 2.44232,-4 0.36479,-0.275 1.71873,-2.3 3.00875,-4.5 4.64546,-7.92233 20.20498,-22.5 24.01545,-22.5 2.25968,0 8.0522,15.95213 8.45237,23.27712 0.18697,3.42258 0.66165,7.34788 1.05484,8.72288 1.15953,4.05497 2.41333,10.98641 3.43684,19 0.52686,4.125 1.52647,10.65 2.22136,14.5 0.6949,3.85 1.34103,9.925 1.43584,13.5 0.0948,3.575 0.2663,9.425 0.38109,13 0.32199,10.02825 0.17744,11.01997 -1.69886,11.65582 -3.14001,1.0641 -16.25,7.29694 -16.25,7.72569 0,0.22975 3.4875,1.14808 7.75,2.04074 4.2625,0.89266 10.225,2.26802 13.25,3.05637 15.57508,4.05902 28.26079,6.71922 53,11.11415 4.675,0.83052 11.2,2.15369 14.5,2.94038 30.87087,7.35939 88.08778,12.97966 104.96768,10.31072 6.05415,-0.95725 19.16151,-4.67276 21.03232,-5.96198 0.55,-0.37902 5.09259,-2.73732 10.09464,-5.24067 5.00205,-2.50335 11.51678,-6.14672 14.47719,-8.09638 2.96041,-1.94966 5.93296,-3.54484 6.60568,-3.54484 0.67271,0 1.58297,-0.5625 2.0228,-1.25 0.43983,-0.6875 3.04969,-2.375 5.79969,-3.75 2.75,-1.375 7.025,-3.84941 9.5,-5.4987 2.475,-1.64928 5.4,-3.50342 6.5,-4.1203 6.23199,-3.49489 8.16405,-4.36928 9.66667,-4.37484 0.91666,-0.003 1.81666,-0.35623 2,-0.78408 1.03098,-2.40607 19.19199,-8.56646 28.46895,-9.65694 6.25251,-0.73497 6.9284,0.28166 4.74982,7.1444 -2.72,8.5683 -14.19634,28.29046 -16.46224,28.29046 -0.50776,0 -0.9232,0.6375 -0.9232,1.41667 0,0.77916 -0.39822,1.56666 -0.88493,1.75 -0.77226,0.29089 -11.02672,13.48622 -19.41986,24.98928 -3.32025,4.5505 -4.15987,4.83538 -3.22449,1.09405 0.68615,-2.74448 4.53372,-8.43298 9.82671,-14.52845 1.53858,-1.77185 4.21992,-5.24655 5.95854,-7.72155 1.73861,-2.475 4.00981,-5.4 5.04711,-6.5 3.68529,-3.90804 11.17493,-15.28734 12.34091,-18.75 0.3241,-0.9625 0.98679,-1.75 1.47264,-1.75 0.48585,0 0.88337,-0.47174 0.88337,-1.04831 0,-0.57656 0.89446,-2.89963 1.9877,-5.16236 2.11227,-4.37191 1.44423,-6.80479 -1.86014,-6.77432 -6.19225,0.0571 -32.66397,10.95838 -40.96672,16.87046 -1.77751,1.2657 -3.89086,2.04837 -4.69633,1.73928 -0.80548,-0.30909 -1.46451,-0.22313 -1.46451,0.19103 0,0.41415 -1.4625,1.61228 -3.25,2.6625 -1.7875,1.05022 -3.84397,2.49657 -4.56993,3.2141 -0.72596,0.71754 -2.52596,1.58427 -4,1.92606 -1.47404,0.34179 -3.13007,1.17331 -3.68007,1.84782 -0.55,0.67452 -2.575,2.03333 -4.5,3.0196 -1.925,0.98626 -3.725,2.09439 -4,2.46251 -1.65503,2.21544 -22.32572,12.61796 -29.85613,15.02509 l -5.35613,1.71211 4.7784,2.80032 c 11.45008,6.7102 16.43386,16.44185 16.43386,32.08981 0,6.79311 -0.46865,9.38959 -2.49392,13.81731 -1.37166,2.99875 -3.69036,6.39339 -5.15267,7.54364 -2.75442,2.16663 -2.7006,2.61212 0.53912,4.46231 1.06038,0.60557 5.23085,3.42833 9.26771,6.2728 4.03687,2.84447 9.50086,6.66947 12.14221,8.5 2.64135,1.83053 5.81192,4.22824 7.04571,5.32824 1.23379,1.1 4.58519,3.77997 7.44755,5.95549 2.86236,2.17551 5.20429,4.31301 5.20429,4.75 0,0.43698 0.51398,0.79451 1.14219,0.79451 0.6282,0 3.4407,1.92856 6.25,4.28568 2.80929,2.35713 6.23281,5.00201 7.60781,5.87752 1.375,0.8755 4.075,2.99699 6,4.71442 1.925,1.71742 5.3,4.35877 7.5,5.86967 2.2,1.5109 4.225,3.00978 4.5,3.33086 0.86709,1.01237 13.1092,8.92151 13.82071,8.92901 0.37361,0.004 4.50429,2.47572 9.17929,5.49284 4.675,3.01712 8.97798,5.4889 9.56217,5.49284 0.58419,0.004 2.92496,0.90716 5.20169,2.00716 4.96945,2.40098 8.23614,2.58349 8.23614,0.46016 0,-1.89394 -3.51933,-8.91491 -6.4964,-12.96016 -1.21431,-1.65 -2.50434,-3.675 -2.86673,-4.5 -0.36239,-0.825 -1.44144,-2.67043 -2.39788,-4.10097 -0.95645,-1.43053 -2.61255,-3.90553 -3.68023,-5.5 -9.90638,-14.79408 -13.42623,-20.13513 -15.64625,-23.74171 -1.42312,-2.31196 -3.83193,-5.54316 -5.35293,-7.18044 -4.3127,-4.64243 -19.61658,-24.45821 -21.947,-28.41743 -1.15231,-1.9577 -3.56154,-5.74217 -5.35385,-8.40994 -2.11517,-3.14835 -3.25873,-6.06416 -3.25873,-8.30902 0,-3.91291 1.43641,-3.72213 2.45236,0.32572 0.37065,1.4768 2.333,5.12038 4.36078,8.09684 2.02777,2.97646 4.47896,6.74702 5.44709,8.37903 0.96813,1.632 2.88063,4.17557 4.25,5.65238 1.36937,1.47681 2.48977,2.99382 2.48977,3.37113 0,0.37732 3.81377,5.29153 8.47505,10.92047 4.66128,5.62894 9.53532,11.84983 10.8312,13.82419 17.0915,26.04005 26.23831,40.14465 30.13357,46.46665 2.64091,4.2862 3.60486,8.35719 2.22543,9.39859 -3.69965,2.79307 -18.00295,-1.76511 -29.0384,-9.25397 -2.04362,-1.38684 -4.07594,-2.52152 -4.51627,-2.52152 -0.44033,0 -1.57847,-0.85953 -2.52919,-1.91006 -0.95072,-1.05054 -2.82046,-2.18411 -4.15499,-2.51906 -1.33452,-0.33494 -2.4264,-1.05041 -2.4264,-1.58993 0,-0.53952 -0.43002,-0.98095 -0.95559,-0.98095 -1.03845,0 -8.17414,-4.64726 -9.02255,-5.87612 -0.28702,-0.41573 -2.54686,-2.14538 -5.02186,-3.84365 -2.475,-1.69828 -6.075,-4.53013 -8,-6.29301 -1.925,-1.76287 -5.3,-4.35487 -7.5,-5.75999 -6.09396,-3.89215 -14.34457,-10.08681 -21,-15.76706 -6.60689,-5.63883 -25.71117,-18.90148 -32,-22.21519 -2.2,-1.15922 -6.25,-2.79274 -9,-3.63005 -7.16874,-2.18271 -24.15646,-3.83505 -29.5,-2.86937 l -4.5,0.81324 8.20805,1.39009 c 4.67721,0.79212 8.422,1.94762 8.7054,2.68616 0.51838,1.35088 -6.80907,5.76158 -24.41345,14.69545 -13.43852,6.81978 -26.27343,13.86158 -29.09343,15.96194 -1.32361,0.98584 -6.23157,4.44818 -10.90657,7.6941 -4.675,3.24592 -8.95304,6.29231 -9.50675,6.76976 -0.55371,0.47745 -5.28229,4.02583 -10.50796,7.88528 -5.22566,3.85946 -10.17263,7.68719 -10.99325,8.50608 -0.82062,0.81889 -3.74204,3.19022 -6.49204,5.26963 -10.88902,8.23373 -30.13301,26.49451 -40,37.95633 -2.75,3.19449 -6.17727,7.13085 -7.61615,8.74746 -1.43888,1.61661 -4.58888,6.05701 -7,9.86755 -2.46516,3.89594 -5.10561,6.94644 -6.03294,6.96981 -3.26485,0.0823 -32.40378,-22.03496 -40.65361,-30.8572 -2.36649,-2.53068 -5.62899,-6.02498 -7.25,-7.76511 -1.62102,-1.74012 -2.9473,-3.47516 -2.9473,-3.85564 0,-0.38048 -1.08196,-1.97761 -2.40435,-3.54919 -1.32239,-1.57157 -2.58107,-3.38757 -2.79706,-4.03554 -0.29337,-0.8801 -2.75243,-0.74447 -9.72092,0.53616 -6.66485,1.22483 -14.33556,1.69443 -26.86605,1.64474 l -17.53785,-0.0696 3.49147,3.49148 c 3.6113,3.61129 4.55937,5.21752 7.08383,12.00142 2.77528,7.45791 3.8265,11.34248 4.41569,16.3172 0.99745,8.42197 -3.18258,21.33081 -7.99974,24.70488 -2.49909,1.75043 -3.49602,1.79628 -6.16502,0.28355 z m 8.5006,-7.80691 c 4.36865,-9.32726 2.65516,-25.16948 -4.10994,-37.99872 -2.4228,-4.59456 -3.52557,-5.85315 -8.89066,-10.14683 -6.88486,-5.50995 -14.88696,-7.92821 -23.75,-7.17732 -8.28539,0.70194 -8.77544,1.52562 -5.25,8.82415 1.06268,2.2 1.94741,4.42925 1.96607,4.95388 0.10938,3.07499 12.21002,25.58942 15.78393,29.36755 0.6875,0.72678 1.25055,1.62678 1.25122,2 0.002,1.03959 8.07906,10.233 11.19818,12.74571 5.55486,4.4749 8.83684,3.7606 11.8012,-2.56842 z m 104.64195,-9.65788 c 0.8831,-1.861 5.0373,-7.25715 9.23154,-11.99145 4.19425,-4.7343 8.75091,-10.03977 10.12591,-11.78994 2.49499,-3.17575 4.62919,-5.31463 13.24687,-13.27593 2.51026,-2.31906 4.71914,-4.56906 4.90862,-5 0.18948,-0.43093 2.81951,-2.80206 5.84451,-5.26917 3.025,-2.46711 5.85986,-5.05461 6.29969,-5.75 0.43983,-0.69539 1.29358,-1.26435 1.89723,-1.26435 0.60365,0 4.96879,-3.27257 9.70031,-7.27239 4.73152,-3.99981 10.40277,-8.50254 12.60277,-10.00605 5.81633,-3.97498 11.76551,-8.43933 13.58389,-10.19355 0.87114,-0.84041 1.9246,-1.52801 2.34103,-1.52801 0.41643,0 2.59718,-1.575 4.84611,-3.5 2.24893,-1.925 4.54146,-3.5 5.09452,-3.5 0.55305,0 1.93455,-0.86575 3.07,-1.92389 2.59699,-2.42019 14.33458,-9.07611 16.00553,-9.07611 0.68692,0 2.06343,-0.9 3.05892,-2 0.99549,-1.1 2.40154,-2 3.12457,-2 0.72303,0 2.79078,-0.84267 4.59501,-1.87261 3.68399,-2.10298 7.39754,-4.01895 13.28042,-6.85191 2.2,-1.05943 4.9,-2.45462 6,-3.10043 1.1,-0.6458 3.35,-1.68267 5,-2.30415 l 3,-1.12997 -4.66078,-1.24409 c -11.75906,-3.13883 -14.48819,-2.94462 -27.89339,1.98503 -6.84521,2.51727 -15.82083,6.31027 -19.94583,8.42888 -4.125,2.11862 -10.65,5.0619 -14.5,6.54062 -3.85,1.47873 -8.35,3.28386 -10,4.01141 -7.09241,3.12734 -28.80841,13.12368 -38.31789,17.63854 -5.67483,2.69428 -10.68589,4.89868 -11.13569,4.89868 -0.44979,0 -2.10674,0.67223 -3.68211,1.49384 -1.57537,0.82161 -3.56181,1.49661 -4.41431,1.5 -0.8525,0.003 -1.9775,0.40059 -2.5,0.88267 -0.5225,0.48207 -3.425,1.78515 -6.45,2.89571 -3.025,1.11057 -7.975,3.11907 -11,4.46334 -3.025,1.34427 -7.75,3.24823 -10.5,4.23101 -2.75,0.98279 -6.35,2.36559 -8,3.07288 -1.65,0.70729 -5.925,2.50592 -9.5,3.99695 -3.575,1.49103 -9.65,4.172 -13.5,5.95772 -3.85,1.78572 -9.3625,4.01622 -12.25,4.95669 -2.8875,0.94046 -5.25,2.02363 -5.25,2.40705 0,1.14798 3.33664,5.77554 7.74675,10.74391 1.51429,1.70597 3.87825,4.57841 5.25325,6.3832 2.81062,3.68914 21.90621,19.23107 32.3834,26.3569 7.60331,5.17122 8.36224,5.10375 11.25915,-1.00103 z m -76.14255,-42.88006 c 11.10083,-0.83049 23.39061,-4.0688 32.6922,-8.61425 4.32924,-2.11559 8.27058,-3.84653 8.75854,-3.84653 0.48795,0 2.16115,-0.64767 3.71822,-1.43926 4.31536,-2.19385 20.04861,-8.56074 21.15451,-8.56074 1.11689,0 17.41121,-6.50093 21.17653,-8.44878 1.375,-0.71131 4.3,-1.85997 6.5,-2.55258 2.2,-0.69261 4.45,-1.59557 5,-2.00657 0.55,-0.41101 2.125,-1.08781 3.5,-1.50399 1.375,-0.41619 6.775,-2.76138 12,-5.21154 28.20441,-13.2259 37.17056,-17.22251 50,-22.2872 10.88322,-4.29638 13.60936,-5.56249 15.31856,-7.11447 1.00021,-0.9082 4.82521,-2.62923 8.5,-3.82449 3.67479,-1.19527 7.58144,-2.59518 8.68144,-3.1109 1.1,-0.51573 6.62002,-2.51309 12.26671,-4.43859 9.55361,-3.25772 11.11642,-3.49968 22.5,-3.48353 6.75378,0.01 15.27248,0.66137 19.01844,1.45513 3.73184,0.79077 7.40689,1.19918 8.16679,0.90758 1.4913,-0.57227 6.54806,-7.73514 6.54806,-9.2753 0,-0.51596 -0.5625,-1.16508 -1.25,-1.44249 -0.77055,-0.31092 -0.60227,-0.53467 0.43873,-0.58333 1.22442,-0.0572 1.82486,-1.24746 2.18388,-4.32895 2.0465,-17.56543 -2.21617,-27.97796 -14.90163,-36.40063 -5.21125,-3.46008 -5.70915,-3.58925 -10.71805,-2.78068 -9.66343,1.55994 -34.9003,0.94148 -41.75293,-1.0232 -0.825,-0.23653 -6.675,-0.71306 -13,-1.05895 -6.325,-0.34589 -15.775,-1.44946 -21,-2.45237 -5.225,-1.00292 -14,-2.60189 -19.5,-3.55328 -5.5,-0.95139 -13.44998,-2.57379 -17.66661,-3.60534 -4.21664,-1.03155 -8.94164,-1.86978 -10.5,-1.86273 -3.71497,0.0168 -27.69572,-5.00118 -42.83339,-8.9629 -11.60068,-3.03605 -15.36862,-3.81838 -62.64441,-13.00675 -11.35443,-2.20681 -21.92943,-4.53785 -23.5,-5.18008 -5.46907,-2.2364 -14.00198,-3.05481 -36.85559,-3.53489 -38.37138,-0.80608 -60.96706,1.20728 -80.86483,7.20533 -2.67566,0.80656 -5.74224,1.46647 -6.81462,1.46647 -2.08783,0 -9.19832,2.7075 -17.3349,6.60072 -2.7579,1.3196 -5.38056,2.39928 -5.82813,2.39928 -0.87391,0 -13.86587,6.28621 -17.13165,8.28921 -1.08577,0.66593 -4.51367,2.83757 -7.61756,4.82585 -9.80117,6.27842 -18.25263,9.71046 -28.059636,11.3947 -9.359414,1.60737 -12.537784,2.38858 -35.848678,8.81122 -12.945161,3.56666 -20.901418,6.97514 -24.708187,10.58503 -1.214502,1.1517 -2.515025,2.09399 -2.89005,2.09399 -1.594928,0 -12.183636,12.07861 -12.628414,14.40532 -0.566041,2.96105 -0.137151,3.59468 2.433156,3.59468 3.177128,0 9.548622,3.8124 12.215945,7.30944 1.396073,1.83035 3.237353,5.30919 4.091733,7.73076 0.85438,2.42157 2.514983,5.42639 3.690227,6.67738 2.386236,2.54004 1.644112,4.387 -1.002374,2.49466 -0.93612,-0.66936 -2.827036,-1.71958 -4.202036,-2.33382 -1.48764,-0.66457 -1.99382,-1.30476 -1.25,-1.58095 1.631228,-0.60569 1.622887,-3.29747 -0.01022,-3.29747 -0.69312,0 -2.394055,-1.05135 -3.779855,-2.33634 -3.02599,-2.80585 -7.982804,-4.32961 -7.913686,-2.43271 0.02543,0.69798 1.171869,2.16905 2.547636,3.26905 1.375768,1.1 3.628145,3.0125 5.005282,4.25 1.377136,1.2375 2.898557,2.25 3.380934,2.25 0.482378,0 1.535919,0.65887 2.341203,1.46415 0.805285,0.80529 4.999928,3.34366 9.321429,5.64083 4.321501,2.29717 9.882275,5.61624 12.357275,7.37571 10.959982,7.79142 16.389839,10.31704 26.883662,12.50452 5.711014,1.19048 11.561014,1.88644 13.000004,1.54658 4.09891,-0.96809 15.11634,-5.89092 15.11634,-6.75431 0,-0.42762 0.57658,-0.77748 1.2813,-0.77748 2.28378,0 12.51674,-11.33831 15.65998,-17.35155 1.71179,-3.27476 3.05872,-7.3904 3.05872,-9.34609 0,-3.90732 -2.43025,-12.98349 -4.57965,-17.10346 -0.77442,-1.48439 -1.4108,-3.37748 -1.41419,-4.20686 -0.0119,-2.91326 -5.35051,-11.54266 -10.15337,-16.41205 -4.54003,-4.6029 -6.08007,-7.57999 -3.92112,-7.57999 1.2378,0 9.90169,9.19685 12.15601,12.90379 2.12996,3.50243 6.91232,15.2463 6.91232,16.97433 0,0.67166 0.66762,2.51224 1.48361,4.09018 0.81598,1.57794 1.72051,5.30837 2.01005,8.28985 0.44123,4.5434 0.0559,6.45869 -2.38063,11.8323 -1.59889,3.52628 -4.54927,8.15265 -6.55639,10.28082 -2.00712,2.12816 -3.47365,4.04505 -3.25896,4.25974 0.21469,0.21469 2.20428,-0.24965 4.42132,-1.03187 2.21704,-0.78221 6.15374,-1.39012 8.74822,-1.3509 6.70522,0.10137 7.37312,-1.73076 2.27895,-6.25144 -3.00827,-2.66961 -3.91562,-4.11284 -3.41155,-5.42643 0.59407,-1.54812 1.22476,-1.23513 4.67494,2.32004 2.19352,2.26027 4.43872,4.10959 4.98933,4.10959 0.55061,0 1.00111,1.11344 1.00111,2.47432 0,3.28777 -4.39224,5.52568 -10.845,5.52568 -5.02431,0 -18.155,3.47839 -18.155,4.80936 0,2.37579 -20.964491,10.94866 -23.277921,9.51888 -0.569977,-0.35227 -0.732167,-0.15357 -0.362665,0.4443 0.36764,0.59485 2.22887,1.59654 4.136066,2.22597 1.9072,0.62943 6.51343,2.62429 10.23607,4.43303 3.72265,1.80873 9.69345,4.34521 13.26845,5.63663 3.575,1.29142 7.625,2.92661 9,3.63377 1.375,0.70716 2.97543,1.28851 3.55652,1.2919 0.58109,0.003 5.53109,1.74995 11,3.88124 13.51157,5.2656 29.20401,10.45668 39.44348,13.04794 4.675,1.18308 9.85,2.56263 11.5,3.06565 4.59979,1.40232 21.31986,4.73849 27.68437,5.5239 5.44123,0.67147 5.6608,0.61135 5.13337,-1.40555 -0.65839,-2.51768 1.765,-2.91717 3.68226,-0.60702 0.82102,0.98927 3.05579,1.5 6.56343,1.5 6.21414,0 8.06977,-1.60298 2.96436,-2.56076 -3.61324,-0.67785 -4.60958,-2.08689 -2.14452,-3.03282 1.68068,-0.64494 8.61673,2.11706 8.61673,3.43126 0,0.51686 1.66657,1.25239 3.70349,1.63452 2.03691,0.38212 5.52441,1.66971 7.75,2.86129 5.81388,3.11276 23.30357,3.90359 47.04651,2.12729 z m -138.5,-35.0644 c -5.225,-1.44869 -10.60024,-2.73125 -11.94498,-2.85013 -1.34475,-0.11889 -2.61975,-0.74043 -2.83334,-1.3812 -0.56135,-1.68406 5.12153,-1.46631 9.50231,0.36409 6.79266,2.83816 21.24562,4.59343 27.8181,3.37845 7.83981,-1.44927 18.62874,-7.13758 24.22407,-12.7718 0.95361,-0.96024 3.75884,-3.29277 6.23384,-5.1834 2.475,-1.89063 4.65,-3.77836 4.83333,-4.19495 0.18334,-0.41659 0.93334,-0.75744 1.66667,-0.75744 0.73333,0 1.48333,-0.38274 1.66667,-0.85054 0.18333,-0.4678 2.26242,-2.05892 4.62021,-3.53582 2.48898,-1.5591 4.00148,-3.14707 3.60637,-3.78636 -1.23347,-1.9958 -53.82006,0.78447 -67.89325,3.58955 -3.85,0.76738 -6.18594,1.43752 -5.19098,1.4892 3.96742,0.20608 0.27767,1.98354 -6.56227,3.16124 -7.20832,1.24112 -14.13396,3.80948 -10.49675,3.89269 0.9625,0.022 1.75,0.50416 1.75,1.07142 0,1.52325 -3.31239,2.53146 -3.77336,1.14853 -0.21632,-0.64895 -1.03081,-1.17991 -1.80997,-1.17991 -1.82656,0 -1.84845,-2.89708 -0.0272,-3.59597 0.77179,-0.29616 1.1757,-1.35073 0.90858,-2.37221 -0.5067,-1.93764 0.34147,-2.37405 6.70193,-3.44834 1.925,-0.32513 4.625,-0.81973 6,-1.0991 11.72973,-2.38321 37.01976,-4.60417 58.75,-5.1594 24.73964,-0.63212 25.25,-0.60502 25.25,1.34062 0,2.38672 -1.89571,4.14692 -13,12.07072 -4.675,3.33599 -9.625,7.27719 -11,8.75822 -3.29126,3.54506 -14.80142,10.23281 -20.76315,12.064 -9.08321,2.78999 -17.76918,2.74011 -28.23685,-0.16216 z m -13.5,-24.83754 c 3.84427,-0.86746 4.92213,-1.3631 3,-1.37952 -1.65,-0.0141 -4.8,0.56762 -7,1.29268 -5.26329,1.73464 -3.4746,1.77347 4,0.0868 z m -7,10.44116 c -0.33992,-0.55 -0.14148,-1 0.44098,-1 0.58246,0 1.05902,0.45 1.05902,1 0,0.55 -0.19844,1 -0.44098,1 -0.24254,0 -0.7191,-0.45 -1.05902,-1 z M 75.928566,332.53062 c 0,-0.31051 1.241555,-1.60926 2.759012,-2.88612 1.666665,-1.4024 3.909403,-5.33604 5.664631,-9.93544 1.598091,-4.18763 3.251212,-7.61388 3.673601,-7.61388 0.422389,0 1.052784,-0.89734 1.400877,-1.99408 0.348093,-1.09674 1.327975,-2.68916 2.177515,-3.5387 0.849541,-0.84954 2.620111,-4.5647 3.934601,-8.25592 1.874317,-5.26326 2.257218,-7.84405 1.774649,-11.9613 -0.362985,-3.09698 -0.223807,-5.25 0.339376,-5.25 1.259155,0 3.278592,4.51342 3.264912,7.29705 -0.0246,5.01495 -5.052304,17.70295 -7.014854,17.70295 -0.535876,0 -0.97432,0.71803 -0.97432,1.59563 0,0.8776 -0.86475,2.81006 -1.921667,4.29436 -2.225974,3.12609 -7.078333,13.79291 -7.078333,15.56013 0,1.73807 -4.336938,5.54988 -6.314451,5.54988 -0.927052,0 -1.685549,-0.25405 -1.685549,-0.56456 z M 51.205138,309.65381 c -6.153889,-4.07799 -8.196649,-7.08818 -8.912634,-13.13355 -0.644276,-5.43991 1.440369,-11.13191 5.382666,-14.69705 3.301211,-2.98538 12.04925,-4.30432 17.626536,-2.65755 6.406039,1.89148 11.62686,6.73338 11.62686,10.78301 0,2.23115 0.38675,2.93533 1.398849,2.54695 0.769368,-0.29523 1.708108,-0.0364 2.08609,0.57519 0.7811,1.26385 -1.310452,4.25024 -2.473344,3.53154 -0.418985,-0.25895 -1.036018,1.2441 -1.371184,3.34011 -1.064934,6.65973 -6.836042,11.23865 -15.345274,12.17527 -4.870757,0.53613 -5.857584,0.29343 -10.018565,-2.46392 z m 20.816466,-6.84576 c 2.53852,-3.50433 2.993518,-4.997 2.803756,-9.19802 -0.234027,-5.181 -1.46626,-7.12303 -6.826226,-10.75826 -3.715858,-2.52017 -12.385922,-2.34284 -16.730383,0.34218 -5.599483,3.46067 -7.951409,11.88479 -4.942564,17.70325 2.627488,5.081 5.351304,6.6617 12.454498,7.22766 7.981485,0.63594 9.317335,0.0995 13.240919,-5.31681 z m -18.593038,0.13783 c -2.979243,-1.75741 -3.467873,-2.88838 -3.484687,-8.06552 -0.01926,-5.92849 2.299427,-7.70802 6.925996,-5.31553 3.859211,1.99568 3.872753,1.99178 4.242269,-1.21965 0.244914,-2.12853 0.913489,-2.81915 2.95845,-3.056 4.076249,-0.47212 6.649359,3.87125 6.38814,10.78309 -0.201683,5.3365 -0.294563,5.4994 -3.618582,6.34668 -6.003152,1.53017 -11.354421,1.74042 -13.411586,0.52693 z m 226.621884,6.24485 c -1.81147,-1.14613 -0.54539,-3.09555 2.01046,-3.09555 1.34287,0 1.90653,0.55571 1.69098,1.66713 -0.39415,2.03234 -1.85557,2.59631 -3.70144,1.42842 z m 17.25156,-0.56477 c -0.34129,-0.88937 -0.37384,-1.86372 -0.0723,-2.16521 0.96246,-0.96246 4.82443,0.75779 4.42108,1.96929 -0.61313,1.84162 -3.66448,1.97909 -4.34874,0.19592 z m 18.87656,0.73858 c -0.6875,-0.23982 -1.25,-1.10482 -1.25,-1.92224 0,-1.73748 4.13112,-1.49239 4.71394,0.27967 0.42844,1.30269 -1.63426,2.2808 -3.46394,1.64257 z m -57.52136,-1.40134 c -2.51093,-1.40519 -2.11751,-2.86802 0.77136,-2.86802 1.51005,0 2.5,0.5706 2.5,1.44098 0,2.01957 -1.24337,2.56195 -3.27136,1.42704 z m 10.27136,-0.36802 c 0,-0.83333 0.88889,-1.5 2,-1.5 1.11111,0 2,0.66667 2,1.5 0,0.83333 -0.88889,1.5 -2,1.5 -1.11111,0 -2,-0.66667 -2,-1.5 z m 18.69385,0.86052 c -1.04259,-1.04259 0.27794,-2.36052 2.36517,-2.36052 1.06754,0 1.94098,0.675 1.94098,1.5 0,1.48325 -3.06994,2.09673 -4.30615,0.86052 z m 17.30615,-0.79097 c 0,-1.02102 0.90283,-1.56955 2.58333,-1.56955 3.13272,0 2.78984,2.34847 -0.41166,2.81955 -1.44221,0.21221 -2.17167,-0.20766 -2.17167,-1.25 z m 19.00836,0.45583 c -1.06331,-0.67157 -1.18312,-1.25062 -0.41722,-2.01652 1.28071,-1.28071 4.64656,-0.22195 4.13862,1.30185 -0.50691,1.52075 -1.9932,1.80619 -3.7214,0.71467 z m -74.3497,-1.47251 c -0.45848,-1.19479 0.10787,-1.55287 2.45606,-1.55287 1.99444,0 2.90931,0.43313 2.64029,1.25 -0.61576,1.86972 -4.4086,2.09512 -5.09635,0.30287 z m 82.00801,0.78046 c -1.49448,-1.49448 -0.47588,-2.33333 2.83333,-2.33333 2.44444,0 3.5,0.45238 3.5,1.5 0,1.52933 -4.98184,2.18483 -6.33333,0.83333 z m -89.41667,-1 c -2.1826,-0.87304 -1.34815,-2.33333 1.33333,-2.33333 1.54971,0 2.42496,0.47513 2.1875,1.1875 -0.46894,1.40682 -1.79195,1.83739 -3.52083,1.14583 z m 98.75,-0.33333 c 0,-0.55 0.9,-1 2,-1 1.1,0 2,0.45 2,1 0,0.55 -0.9,1 -2,1 -1.1,0 -2,-0.45 -2,-1 z m -109,-1.5 c 0,-1.12782 0.70183,-1.53943 2.25,-1.31955 1.2375,0.17575 2.25,0.76955 2.25,1.31955 0,0.55 -1.0125,1.1438 -2.25,1.31955 -1.54817,0.21988 -2.25,-0.19173 -2.25,-1.31955 z m 116.95067,0.0594 c 0.65756,-0.79231 1.83766,-1.19416 2.62244,-0.89301 2.34882,0.90132 1.61504,2.33357 -1.19555,2.33357 -2.16959,0 -2.41599,-0.24876 -1.42689,-1.44056 z m 5.04933,-0.0594 c 0,-0.93333 0.94444,-1.5 2.5,-1.5 1.55556,0 2.5,0.56667 2.5,1.5 0,0.93333 -0.94444,1.5 -2.5,1.5 -1.55556,0 -2.5,-0.56667 -2.5,-1.5 z m 7.48098,0.46922 c -0.83137,-1.34518 1.16014,-2.93082 3.71,-2.95391 1.58877,-0.0144 3.42995,1.6971 2.65711,2.46994 -1.17191,1.1719 -5.72792,1.51821 -6.36711,0.48397 z m 8.94992,-0.081 c -0.79657,-1.28889 1.27959,-2.85067 3.8191,-2.87289 2.18172,-0.0191 2.30996,2.55584 0.16821,3.3777 -2.27596,0.87337 -3.20851,0.7553 -3.98731,-0.50481 z m -148.05746,-1.35742 c -0.82105,-2.13961 -0.24931,-2.57259 2.46112,-1.86379 1.23597,0.32321 2.07903,1.09286 1.87347,1.71033 -0.60182,1.8077 -3.65828,1.9159 -4.33459,0.15346 z m 158.15918,0.52201 c -0.87924,-1.42266 0.24199,-3.05281 2.09972,-3.05281 0.87615,0 1.37805,0.70256 1.19098,1.66713 -0.38952,2.00847 -2.38616,2.84922 -3.2907,1.38566 z m -168.28262,-1.71948 c -2.13284,-0.85313 -1.3726,-2.48984 1,-2.15288 1.2375,0.17575 2.1375,0.76955 2,1.31955 -0.30381,1.21524 -1.33154,1.50072 -3,0.83333 z m 174.75,-0.83333 c 0,-0.93333 0.94444,-1.5 2.5,-1.5 1.55556,0 2.5,0.56667 2.5,1.5 0,0.93333 -0.94444,1.5 -2.5,1.5 -1.55556,0 -2.5,-0.56667 -2.5,-1.5 z m 9.24499,-0.75 c 0.63336,-1.92318 4.75501,-2.20017 4.75501,-0.31955 0,1.02102 -0.90283,1.56955 -2.58333,1.56955 -1.61956,0 -2.42976,-0.46635 -2.17168,-1.25 z m 8.73759,0.23924 c -0.68134,-0.4211 -0.9296,-1.26594 -0.55168,-1.87744 0.99523,-1.61032 5.5691,-1.38728 5.5691,0.27157 0,1.64631 -3.26246,2.69049 -5.01742,1.60587 z m -202.34421,-1.48924 c -0.41585,-1.08369 0.10953,-1.5 1.89301,-1.5 1.52766,0 2.46862,0.57175 2.46862,1.5 0,0.825 -0.85186,1.5 -1.89301,1.5 -1.04116,0 -2.15203,-0.675 -2.46862,-1.5 z m 210.36163,0.10699 c 0,-1.69554 2.70442,-2.89426 3.52699,-1.56332 0.32508,0.52598 0.31293,1.40633 -0.027,1.95633 -0.92405,1.49514 -3.5,1.20589 -3.49999,-0.39301 z m -217.75,-0.27366 c -2.1826,-0.87304 -1.34815,-2.33333 1.33333,-2.33333 1.54971,0 2.42496,0.47513 2.1875,1.1875 -0.46894,1.40682 -1.79195,1.83739 -3.52083,1.14583 z m -8.58333,-1 c -1.35961,-1.3596 -0.59454,-2.33333 1.83333,-2.33333 1.55556,0 2.5,0.56667 2.5,1.5 0,1.4999 -3.07536,2.09131 -4.33333,0.83333 z m 233.33333,-0.33333 c 0,-0.55 0.9,-1 2,-1 1.1,0 2,0.45 2,1 0,0.55 -0.9,1 -2,1 -1.1,0 -2,-0.45 -2,-1 z m 9,0 c 0,-0.55 0.675,-1 1.5,-1 0.825,0 1.5,0.45 1.5,1 0,0.55 -0.675,1 -1.5,1 -0.825,0 -1.5,-0.45 -1.5,-1 z m 7,-1 c 0,-1.33333 0.66667,-2 2,-2 2.37321,0 2.68424,2.52345 0.41821,3.39301 -2.29439,0.88044 -2.41821,0.80912 -2.41821,-1.39301 z m 9,-0.42668 c 0,-0.92763 0.855,-1.57332 2.08333,-1.57332 2.43705,0 2.09257,2.33677 -0.4162,2.82332 -0.98676,0.19138 -1.66713,-0.31876 -1.66713,-1.25 z m -269.34134,-1.02045 c -0.45848,-1.19479 0.10787,-1.55287 2.45606,-1.55287 1.99444,0 2.90931,0.43313 2.64029,1.25 -0.61576,1.86972 -4.4086,2.09512 -5.09635,0.30287 z m 278.34134,0.0167 c 0,-1.02102 0.90283,-1.56955 2.58333,-1.56955 3.13272,0 2.78984,2.34847 -0.41166,2.81955 -1.44221,0.21221 -2.17167,-0.20766 -2.17167,-1.25 z M 167.4242,294.08812 c -0.78225,-1.26571 2.00165,-2.39983 4.00437,-1.63131 0.825,0.31658 1.5,1.03972 1.5,1.60699 0,1.32874 -4.68539,1.34945 -5.50437,0.0243 z m 298.50437,-0.49294 c 0,-1.01307 1.0136,-1.5 3.12244,-1.5 2.66213,0 2.93892,0.22113 1.87756,1.5 -0.68469,0.825 -2.08979,1.5 -3.12244,1.5 -1.03266,0 -1.87756,-0.675 -1.87756,-1.5 z m 9.5,-0.5 c -0.9233,-1.49394 0.36137,-3 2.55902,-3 2.21233,0 2.49036,1.05062 0.74098,2.8 -1.46225,1.46225 -2.4817,1.52403 -3.3,0.2 z m -316.5,-1.43045 c 0,-1.02102 0.90283,-1.56955 2.58333,-1.56955 3.13272,0 2.78984,2.34847 -0.41166,2.81955 -1.44221,0.21221 -2.17167,-0.20766 -2.17167,-1.25 z m 324,0.0471 c 0,-1.12961 0.90381,-1.61665 3,-1.61665 1.65,0 3,0.45 3,1 0,0.55 -0.3375,1.00614 -0.75,1.01365 -0.4125,0.008 -1.7625,0.285 -3,0.61664 -1.65413,0.44329 -2.25,0.17484 -2.25,-1.01366 z m 8,-1.11665 c 0,-1 1,-1.5 3,-1.5 3.2057,0 4.02995,1.39079 1.41821,2.39301 -2.6799,1.02838 -4.41821,0.67703 -4.41821,-0.89301 z m -338.7875,-0.6875 c -1.87616,-1.87616 -1.43953,-2.98385 1.0375,-2.63205 1.2375,0.17575 2.25,0.95705 2.25,1.73622 0,1.90388 -1.79132,2.39201 -3.2875,0.89583 z m 347.7875,0.29449 c 0,-0.49116 0.7118,-1.16616 1.58179,-1.5 2.23506,-0.85768 2.41821,-0.79004 2.41821,0.89301 0,0.83333 -0.88889,1.5 -2,1.5 -1.1,0 -2,-0.40186 -2,-0.89301 z m 9,-1.60699 c 0,-0.825 0.675,-1.5 1.5,-1.5 0.825,0 1.5,0.675 1.5,1.5 0,0.825 -0.675,1.5 -1.5,1.5 -0.825,0 -1.5,-0.675 -1.5,-1.5 z M 36.535821,288.26872 c -0.956319,-1.54735 0.602514,-5.10534 2.500716,-5.70781 1.040616,-0.33028 1.892029,-1.02018 1.892029,-1.53312 0,-0.51293 0.675,-0.93261 1.5,-0.93261 2.246653,0 1.752218,3.14163 -0.983635,6.25 -2.467136,2.80306 -3.995436,3.4019 -4.90911,1.92354 z m 479.392749,-0.17354 c 0,-0.55 0.675,-1 1.5,-1 0.825,0 1.5,0.45 1.5,1 0,0.55 -0.675,1 -1.5,1 -0.825,0 -1.5,-0.45 -1.5,-1 z m 52,-0.5 c 0,-0.83333 0.88889,-1.5 2,-1.5 2.38425,0 2.65261,1.53559 0.41821,2.39301 -2.23506,0.85768 -2.41821,0.79004 -2.41821,-0.89301 z M 29.230423,286.43942 c -0.685139,-1.78544 2.850144,-5.34424 5.308927,-5.34424 2.190084,0 1.61983,3.72506 -0.83329,5.4433 -2.823901,1.97793 -3.685942,1.95885 -4.475637,-0.0991 z m 115.043227,0.11263 c -0.78975,-2.05804 -0.19851,-2.49281 2.44859,-1.80058 1.21348,0.31734 2.20633,1.19949 2.20633,1.96034 0,1.89145 -3.91942,1.75693 -4.65492,-0.15976 z m 381.40492,0.88085 c 0.6875,-0.27741 1.8125,-0.27741 2.5,0 0.6875,0.27741 0.125,0.50439 -1.25,0.50439 -1.375,0 -1.9375,-0.22698 -1.25,-0.50439 z m 7.25,-0.33772 c 0,-0.55 0.9,-1 2,-1 1.1,0 2,0.45 2,1 0,0.55 -0.9,1 -2,1 -1.1,0 -2,-0.45 -2,-1 z m 7,-0.5 c 0,-1.12782 0.70183,-1.53943 2.25,-1.31955 1.2375,0.17575 2.25,0.76955 2.25,1.31955 0,0.55 -1.0125,1.1438 -2.25,1.31955 -1.54817,0.21988 -2.25,-0.19173 -2.25,-1.31955 z m 9,0 c 0,-1.12782 0.70183,-1.53943 2.25,-1.31955 1.2375,0.17575 2.25,0.76955 2.25,1.31955 0,0.55 -1.0125,1.1438 -2.25,1.31955 -1.54817,0.21988 -2.25,-0.19173 -2.25,-1.31955 z m 11,-0.0695 c 0,-1.04234 0.72946,-1.46221 2.17167,-1.25 3.2015,0.47108 3.54438,2.81955 0.41166,2.81955 -1.6805,-5e-5 -2.58333,-0.54858 -2.58333,-1.5696 z m -425,-3.9305 c 0,-1.61396 0.91589,-1.85324 3.41821,-0.89301 2.43449,0.9342 1.87474,2.39301 -0.91821,2.39301 -1.55556,0 -2.5,-0.56667 -2.5,-1.5 z M 34.921029,305.0811 c -1.179345,-2.20363 -7.226014,-6.41846 -10.658306,-7.42937 -2.368309,-0.69754 -3.638662,0.48635 -2.817653,2.62586 0.553906,1.44346 7.509595,4.81759 9.931339,4.81759 0.788768,0 1.712238,0.45 2.052157,1 1.213676,1.96377 2.586827,1.03075 1.492463,-1.01408 z M 358.42857,221.30206 c 13.22735,-6.06012 12.02116,-3.98455 11.85687,-20.40286 -0.15057,-15.04783 -0.63683,-21.82995 -1.68698,-23.52913 -0.34791,-0.56293 -0.90413,-4.34257 -1.23605,-8.3992 -0.33191,-4.05663 -1.46531,-11.53034 -2.51866,-16.60825 -1.05335,-5.0779 -1.91518,-11.45247 -1.91518,-14.1657 0,-3.52892 -1.03709,-7.23438 -3.64335,-13.01745 -2.00384,-4.44636 -3.92697,-8.08429 -4.27363,-8.08429 -0.65954,0 -8.71953,7.99841 -14.10779,14 -3.92105,4.36737 -17.60545,24.72564 -22.4844,33.45 -2.00915,3.59271 -4.06652,6.78776 -4.57192,7.10011 -0.5054,0.31236 -0.91891,1.23798 -0.91891,2.05694 0,1.29215 -1.21141,3.48576 -7.70461,13.95138 -0.66253,1.06786 -3.69078,6.88384 -6.72945,12.92439 l -5.52484,10.98283 2.26654,1.18756 c 1.2466,0.65315 6.52485,2.13739 11.72945,3.29831 5.2046,1.16091 11.03791,2.51623 12.96291,3.01183 1.925,0.4956 5.75,1.2211 8.5,1.61222 2.75,0.39112 8.825,1.51325 13.5,2.49363 4.675,0.98038 8.725,1.68401 9,1.56362 0.275,-0.12039 3.65,-1.66206 7.5,-3.42594 z m 267.06692,60.71034 c -0.73705,-2.09478 0.8596,-8.49828 1.97408,-7.91722 0.52745,0.275 0.84993,2.04907 0.71662,3.94238 -0.27143,3.85481 -1.89109,6.24745 -2.6907,3.97484 z"
       id="path4780"
       inkscape:connector-curvature="0"
       sodipodi:nodetypes="csscscsssssssssssssssssssssssssssssssssssssssssssssssssssssccsssscsssssssssssssssssssscsssssssssssssssscscsssssssssssssssssssssssssssssssssscsssssssssssssssssssscssssccssssssscsssssssssssssssssssssssscsssssssscsssssssssssssssssssssssssssscsssscsssssssssssssssssssssssssssssssssssssssssssssssssssssssssssssssssssssssscssssssssssssscsssssscscssssscsssssssssssscccssccsssssssssssssssssssssssssssssssssssssssssssssssssssccsccsssssssssssssssssssssssssssssssssssssssssssssssssssssssssssssssssscscssccsssssssssssssssssssssssscssssssssssssssssssssssssssssssssssscssccssssssssssssscsscsccssssssssssssssssssssssssssssssssscssccssssssssssssssssssssssscscccsssssssssssssssssssscssscsssssssssss" />
  </g>
</svg>
